97040
80160
86609
15419
16328
5923
49725
9435
52204
92808
94648
22289
43687
54548
27258
50265
76098
71830
290
77941
69157
2222
29786
9678
65043
48532
68291
72689
61513
71859
35893
43678
82472
66014
21947
28013
76709
77798
67137
88755
33652
82645
7742
55583
17732
87041
56002
68000
33699
33497
99465
77059
31619
44560
66326
1917
76812
16779
73609
75378
84803
35971
15694
88719
25852
69913
13315
28519
8030
92264
21154
11376
91294
7322
95118
80474
43174
65794
30544
60487
65113
83691
90511
5563
60539
94039
72281
40429
96077
17686
63114
61523
97204
27312
13690
88148
31558
95933
6382
20741
53081
57091
70610
84472