88556
96116
43635
65314
79158
16104
95158
78601
12183
96818
50926
87364
45850
41970
39378
56445
17260
76619
52005
53287
71865
70692
59386
25091
63131
92122
56774
3148
85910
90947
53220
3265
34784
15618
71979
80629
94171
46062
88134
61569
37487
35180
64545
99141
72077
60945
16442
47666
7721
56445
61123
3453
19663
17446
77885
9570
38522
44776
40137
4449
43052
1466
20155
12382
841
74240
41088
24773
40353
20706
1628
96064
44396
63093
62211
84266
645
87311
3922
43435
21672
87332
27953
93201