38571
20732
23828
98307
71911
67440
55236
29173
43163
16299
76307
99718
36484
76174
16325
18499
52434
60250
41049
3169
38425
73728
1990
88706
4378
45453
8808
94542
18477
95240
38110
30456
93513
69996
76631
15143
15353
56392
28250
91431
8783
33278
57301
31702
48513
67992
82893
98003
63140
44537
76710
46760
22723
18737
51547
73942
68401
4361
49369
83132
42478
2125
14281
87830
15940
79733
85909
1124
73159
76921
92991
28396
87138
87599
4391
15837
96994
41057
97928
33497
58444
45417
78621
53591
56964
77150
99812
52959
66978
83030
29309
17220
87725
48528
99780
17857
38413
88826
21700
20687
117
76216
54942
65775
74535
22110
22295
48963
40276
41154
19831
48517
78105
28388
55916
53009
88644
84739
44770
4172
49925
32911
81816
29758
68615
29623
45181
71130
29328
21754
56351
7247
95347
320
49896
56369
75674
82199
3747
9427
51188
31098
74771
4481
93483
10950
5734
88819
38463
55338