88562
96014
89941
7240
30123
49834
62949
1473
21719
25872
17897
19025
80905
4371
44376
19876
9230
53117
53181
82696
16462
3559
61771
48456
14599
20683
49160
3142
5469
121
16364
983
19312
60776
9295
92673
90871
28776
57069
34660
51222
32997
31226
80685
54410
70616
41712
85532
73668
8315
5112
65621
20414
25168
31415
85022
45346
6345
37670
65264
80414
37327
74784
47065
34251
22482
50257
87395
53641
61361
73408
43347
76656
8713
33288
50355
43952
12376
99304
78199
69879
28214
62180
7677
53402
86957
20725
35685
73204
76934
68109
11466
6400
41896
71247
87576
49529
99543
22575
68021
52817
9724
99380
31487
27147
73909
79703
18145
60300
96082
90570
5430
24775
39381
23045
16478
69394
3696
66541
61540